1
(2;3)
(4;(5;6))

1
(2;3)
(4;(5;6))

1
2
3
4
(5;6)

1
2
3
4
5
6

1
2
3
4
5
6

1
2
3
4
5
6

(1;(2;3);(4;(5;6)))

1
2
3
4
(5;6)

(1;(2;3);(4;(5;6)))

(1;(2;3);(4;(5;6)))

(1;10)
((2;3);(20;30))
((4;(5;6));(40;(50;60)))

(1;10)
((2;3);(20;30))
((4;(5;6));(40;(50;60)))

(1;10)
(2;20)
(3;30)
(4;40)
((5;6);(50;60))

(1;10)
(2;20)
(3;30)
(4;40)
(5;50)
(6;60)

(1;10)
(2;20)
(3;30)
(4;40)
(5;50)
(6;60)

(1;10)
(2;20)
(3;30)
(4;40)
(5;50)
(6;60)

((1;(2;3);(4;(5;6)));(10;(20;30);(40;(50;60))))

(1;10)
(2;20)
(3;30)
(4;40)
((5;6);(50;60))

((1;(2;3);(4;(5;6)));(10;(20;30);(40;(50;60))))

T
F
F
T
T
T
F
F
(6;5;3)
(3;2)
(16;15;13)
((1;4);(2;5);(3;6))
((1;4);(2;5);(3;6))
((1;4);((2;5);(3;6)))
▍ Error at <TEST_PATH>
  not-bound: 'findwith' has not been bound to a value
  - from vanilla
● at <script>, <TEST_PATH>
│   77    d:(1;2;3;2;4)
│   78 -> echo findwith[d;{x=2}]
│              ~~~~~~~~~~~~~~~~~
│   79    echo findwith[d;{x=2};inf]

▍ Import stack: <TEST_PATH>
